=== 캘리브레이션 결과 요약 ===

생성 시간: 2025-05-30 04:10:06
참여자 수: 3

참여자 1:
  left_eye_ear_y_diff: -0.027497
  right_eye_ear_y_diff: -0.037862
  face_x_spread: 0.000627

참여자 2:
  left_eye_ear_y_diff: -0.020240
  right_eye_ear_y_diff: -0.021275
  face_x_spread: 0.000516

참여자 3:
  left_eye_ear_y_diff: -0.020760
  right_eye_ear_y_diff: -0.020299
  face_x_spread: 0.000439

